,Date,Adj Close,daily_return
0,2017-01-03,33.77143859863281,
1,2017-01-04,35.2313232421875,0.04322838185560118
2,2017-01-05,34.51403045654297,-0.020359518736032478
3,2017-01-06,34.21025085449219,-0.00880162641199711
4,2017-01-09,33.51827621459961,-0.02022711387986542
5,2017-01-10,33.7967529296875,0.008308205150675096
6,2017-01-11,33.50139617919922,-0.008739204949740453
7,2017-01-12,32.919132232666016,-0.017380288971201918
8,2017-01-13,32.919132232666016,0.0
9,2017-01-17,31.85586929321289,-0.03229923960140235
10,2017-01-18,31.06262588500977,-0.02490101277418688
11,2017-01-19,31.22296142578125,0.005161686631549589
12,2017-01-20,31.974000930786133,0.024054076574067107
13,2017-01-23,32.89381790161133,0.028767653219761824
14,2017-01-24,32.362178802490234,-0.01616228011936105
15,2017-01-25,33.678619384765625,0.040678366877266336
16,2017-01-26,33.50139617919922,-0.005262187370025373
17,2017-01-27,33.729244232177734,0.006801150965761282
18,2017-01-30,33.585784912109375,-0.004253262216041609
19,2017-01-31,32.699729919433594,-0.026381845622917455
20,2017-02-01,32.99507522583008,0.009032041155207171
21,2017-02-02,33.32419204711914,0.009974725592727607
22,2017-02-03,34.17647933959961,0.025575632599745157
23,2017-02-06,33.16385269165039,-0.029629343557804888
24,2017-02-07,33.720802307128906,0.016793875568586802
25,2017-02-08,33.34105682373047,-0.011261460505586962
26,2017-02-09,33.644859313964844,0.009111963422171465
27,2017-02-10,33.71236038208008,0.0020062817765214014
28,2017-02-13,35.02035140991211,0.03879855972728907
29,2017-02-14,34.218685150146484,-0.022891439619841192
30,2017-02-15,34.851585388183594,0.018495749771215264
31,2017-02-16,34.78407669067383,-0.0019370337606694488
32,2017-02-17,34.76719284057617,-0.00048539020448346015
33,2017-02-21,34.547786712646484,-0.006310723127281759
34,2017-02-22,34.184932708740234,-0.01050295947825286
35,2017-02-23,34.26932144165039,0.0024685943842324143
36,2017-02-24,33.88114547729492,-0.011327214780613826
37,2017-02-27,34.387454986572266,0.014943695147988434
38,2017-02-28,34.17647933959961,-0.006135250400328807
39,2017-03-01,34.17647933959961,0.0
40,2017-03-02,33.459205627441406,-0.020987349370627295
41,2017-03-03,31.670225143432617,-0.05346751216775947
42,2017-03-06,30.817916870117188,-0.026911973926783794
43,2017-03-07,30.632259368896484,-0.006024336492409965
44,2017-03-08,29.96155166625977,-0.02189546956231836
45,2017-03-09,30.10587310791016,0.004816888099053784
46,2017-03-10,29.800228118896484,-0.010152337649140253
47,2017-03-13,30.05493354797364,0.008547096621573935
48,2017-03-14,30.046443939208984,-0.0002824697233518858
49,2017-03-15,30.19078063964844,0.0048037864557777255
50,2017-03-16,29.28234100341797,-0.030089968426899594
51,2017-03-17,29.41817283630371,0.004638694456494674
52,2017-03-20,29.732316970825195,0.010678573964111537
53,2017-03-21,29.927583694458008,0.006567490983780955
54,2017-03-22,31.08224296569824,0.038581774025881366
55,2017-03-23,32.058597564697266,0.03141197371362536
56,2017-03-24,30.44547462463379,-0.05031795095864822
57,2017-03-27,30.759614944458008,0.010318128513261637
58,2017-03-28,31.04827880859375,0.009384508377526135
59,2017-03-29,31.11619758605957,0.0021875215010960236
60,2017-03-30,32.45762634277344,0.04311030462522969
61,2017-03-31,31.71051025390625,-0.023018198588435235
62,2017-04-03,32.168968200683594,0.014457602325111285
63,2017-04-04,32.27085494995117,0.0031672370910986736
64,2017-04-05,31.685035705566406,-0.01815319877001431
65,2017-04-06,31.12468719482422,-0.017684957528507517
66,2017-04-07,32.474613189697266,0.043371552183744555
67,2017-04-10,31.87181663513184,-0.018562085745078782
68,2017-04-11,31.89729118347168,0.0007992813409876121
69,2017-04-12,32.559505462646484,0.02076083123691541
70,2017-04-13,32.09256362915039,-0.014341183223184673
71,2017-04-17,32.228397369384766,0.004232561218979525
72,2017-04-18,31.82937431335449,-0.012381101407460182
73,2017-04-19,31.11619758605957,-0.02240624400196567
74,2017-04-20,32.27085494995117,0.037107919780304366
75,2017-04-21,32.899112701416016,0.019468271058799225
76,2017-04-24,33.917930603027344,0.030967944663367053
77,2017-04-25,33.6462516784668,-0.008009890925842589
78,2017-04-26,34.04528045654297,0.011859531394147638
79,2017-04-27,33.76511001586914,-0.008229347413702515
80,2017-04-28,34.48677062988281,0.021372967944558674
81,2017-05-01,35.41218185424805,0.026833803440075243
82,2017-05-02,35.27634811401367,-0.003835791332865268
83,2017-05-03,34.58864212036133,-0.019494818211615028
84,2017-05-04,34.04528045654297,-0.015709251086746145
85,2017-05-05,33.67171096801758,-0.010972724663033229
86,2017-05-08,34.36790084838867,0.02067580946606351
87,2017-05-09,33.799076080322266,-0.016551047751671932
88,2017-05-10,33.111366271972656,-0.0203470002172631
89,2017-05-11,33.67171096801758,0.016923031548813805
90,2017-05-12,33.62076568603516,-0.001512999503672563
91,2017-05-15,33.35758209228516,-0.007828007137247184
92,2017-05-16,33.71416473388672,0.01068970288718929
93,2017-05-17,33.53587341308594,-0.005288320864778151
94,2017-05-18,34.011329650878906,0.014177541522071735
95,2017-05-19,33.985843658447266,-0.0007493383144161481
96,2017-05-22,34.36790084838867,0.011241656784543252
97,2017-05-23,34.249046325683594,-0.0034583003259173184
98,2017-05-24,33.66322708129883,-0.01710468778645835
99,2017-05-25,33.54436492919922,-0.003530919712853131
100,2017-05-26,33.76511001586914,0.006580690590978211
101,2017-05-30,34.18111801147461,0.012320646827744586
102,2017-05-31,34.0359992980957,-0.004245581239624485
103,2017-06-01,34.56528091430664,0.015550641295275502
104,2017-06-02,35.57260513305664,0.02914265968927987
105,2017-06-05,35.00065231323242,-0.016078463123093578
106,2017-06-06,35.35066223144531,0.01000009700049409
107,2017-06-07,35.068939208984375,-0.007969384579458838
108,2017-06-08,35.00918960571289,-0.001703775609391056
109,2017-06-09,35.30797576904297,0.00853450670224376
110,2017-06-12,35.41040802001953,0.002901108000260111
111,2017-06-13,36.23847961425781,0.023384977483742242
112,2017-06-14,35.10309219360352,-0.031330989399665055
113,2017-06-15,36.13603591918945,0.02942600383718208
114,2017-06-16,36.36651611328125,0.006378126106782123
115,2017-06-19,36.96410369873047,0.016432357270290687
116,2017-06-20,36.40066909790039,-0.015242750248247727
117,2017-06-21,36.025054931640625,-0.010318880821930554
118,2017-06-22,35.56407928466797,-0.012795973464783894
119,2017-06-23,34.93235778808594,-0.017762908791353782
120,2017-06-26,35.581153869628906,0.018572925580312427
121,2017-06-27,35.717742919921875,0.003838803283149117
122,2017-06-28,35.74334716796875,0.0007168495530156527
123,2017-06-29,35.487239837646484,-0.00716517479794887
124,2017-06-30,35.068939208984375,-0.011787353160624181
125,2017-07-03,35.68357849121094,0.017526600350349364
126,2017-07-05,35.68357849121094,0.0
127,2017-07-06,35.37626266479492,-0.00861224796979676
128,2017-07-07,35.512847900390625,0.003860928919764861
129,2017-07-10,35.547000885009766,0.0009617078504922105
130,2017-07-11,35.461639404296875,-0.0024013694147931863
131,2017-07-12,35.76896286010742,0.008666363455641868
132,2017-07-13,35.478702545166016,-0.008114865283531336
133,2017-07-14,35.427494049072266,-0.0014433587594856467
134,2017-07-17,35.76042556762695,0.009397546382861055
135,2017-07-18,34.96650314331055,-0.022201145867657868
136,2017-07-19,34.96650314331055,0.0
137,2017-07-20,35.64090347290039,0.019287039565432318
138,2017-07-21,35.01771926879883,-0.017485084365928105
139,2017-07-24,34.14697265625,-0.024865885920922093
140,2017-07-25,34.770164489746094,0.018250280625741855
141,2017-07-26,35.427494049072266,0.018904988485746843
142,2017-07-27,34.573814392089844,-0.02409652954284458
143,2017-07-28,31.953039169311523,-0.07580231654676572
144,2017-07-31,32.43109130859375,0.014961085133377905
145,2017-08-01,32.24327850341797,-0.005791134297291278
146,2017-08-02,32.2347412109375,-0.0002647774319712859
147,2017-08-03,31.61155891418457,-0.019332629124426792
148,2017-08-04,32.439632415771484,0.02619527571654645
149,2017-08-07,32.58475112915039,0.004473500547692799
150,2017-08-08,32.465232849121094,-0.0036679206035848955
151,2017-08-09,32.02985763549805,-0.013410506422252055
152,2017-08-10,31.842050552368164,-0.005863500402254029
153,2017-08-11,29.92982292175293,-0.06005353290518589
154,2017-08-14,30.38226318359375,0.015116703597734649
155,2017-08-15,29.69933319091797,-0.022477917084351984
156,2017-08-16,29.835920333862305,0.00459899695613708
157,2017-08-17,29.35786247253418,-0.016022896427483557
158,2017-08-18,29.622501373291016,0.009014242811594908
159,2017-08-21,29.033462524414062,-0.019884845018795616
160,2017-08-22,29.44322967529297,0.014113616332682932
161,2017-08-23,28.00051689147949,-0.04899981420938071
162,2017-08-24,28.31637191772461,0.01128032841212434
163,2017-08-25,28.931028366088867,0.021706751491687992
164,2017-08-28,28.401750564575195,-0.01829446899765441
165,2017-08-29,28.42735290527344,0.0009014353055469826
166,2017-08-30,29.298105239868164,0.030630792022608322
167,2017-08-31,29.59688949584961,0.01019807436471587
168,2017-09-01,30.490386962890625,0.03018889762609378
169,2017-09-05,29.45943832397461,-0.03381225171627922
170,2017-09-06,29.588293075561523,0.004373971769925156
171,2017-09-07,29.74294090270996,0.005226655919403855
172,2017-09-08,30.370100021362305,0.021085982072310827
173,2017-09-11,30.88557815551757,0.016973211605911143
174,2017-09-12,30.33574676513672,-0.017802204887093165
175,2017-09-13,30.679384231567383,0.011327806402497753
176,2017-09-14,30.78249168395996,0.0033608057976106664
177,2017-09-15,31.289369583129883,0.016466435023323456
178,2017-09-18,31.13472557067871,-0.004942381854013189
179,2017-09-19,31.237823486328125,0.0033113481413340473
180,2017-09-20,30.69656562805176,-0.017327002904451883
181,2017-09-21,32.182857513427734,0.04841883301817118
182,2017-09-22,32.492149353027344,0.009610453001899
183,2017-09-25,33.084938049316406,0.01824405919868255
184,2017-09-26,33.42859649658203,0.010387157042681006
185,2017-09-27,34.00421142578125,0.01721923710611284
186,2017-09-28,35.05234146118164,0.030823536010769592
187,2017-09-29,35.65373611450195,0.01715704652672967
188,2017-10-02,35.988792419433594,0.00939750896948377
189,2017-10-03,35.90287780761719,-0.002387260200762187
190,2017-10-04,36.08329391479492,0.005025115483624498
191,2017-10-05,37.28607177734375,0.03333337209704301
192,2017-10-06,39.68302917480469,0.06428559736124861
193,2017-10-09,38.23110961914063,-0.03658792148321932
194,2017-10-10,38.72080612182617,0.012808848803079753
195,2017-10-11,38.77236175537109,0.0013314710799849916
196,2017-10-12,38.48884201049805,-0.007312418744616855
197,2017-10-13,38.66926193237305,0.004687590284628174
198,2017-10-16,39.00431442260742,0.00866456905281332
199,2017-10-17,38.23969650268555,-0.019603419038143444
200,2017-10-18,37.801544189453125,-0.011458048920488961
201,2017-10-19,36.96818923950195,-0.02204552665294779
202,2017-10-20,37.20016098022461,0.006274901354237361
203,2017-10-23,36.16920852661133,-0.02771365570598816
204,2017-10-24,35.885704040527344,-0.007838282827654308
205,2017-10-25,35.27571105957031,-0.016998216901865426
206,2017-10-26,35.4389533996582,0.004627613028472366
207,2017-10-27,36.25511169433594,0.023029977366250565
208,2017-10-30,36.01456451416016,-0.006634848685719397
209,2017-10-31,36.8908576965332,0.02433163344314493
210,2017-11-01,37.36339569091797,0.012809081270809708
211,2017-11-02,37.68126678466797,0.008507553659724332
212,2017-11-03,38.81531524658203,0.030095815737688936
213,2017-11-06,38.61772155761719,-0.0050906114689418525
214,2017-11-07,38.10223007202149,-0.013348573266462327
215,2017-11-08,37.93041610717773,-0.00450928894500402
216,2017-11-09,37.28607177734375,-0.016987536546219095
217,2017-11-10,36.93383026123047,-0.009446999893598762
218,2017-11-13,36.598758697509766,-0.009072212693640669
219,2017-11-14,35.95442199707031,-0.01760542497533657
220,2017-11-15,34.786014556884766,-0.03249690511728298
221,2017-11-16,36.375396728515625,0.04569026351184258
222,2017-11-17,36.85651779174805,0.013226551639373918
223,2017-11-20,38.96995544433594,0.05734230413544594
224,2017-11-21,38.14519500732422,-0.021164007697924925
225,2017-11-22,37.37197494506836,-0.02027044460271854
226,2017-11-24,37.801544189453125,0.011494421823202261
227,2017-11-27,37.89604568481445,0.002499937433447341
228,2017-11-28,39.94935607910156,0.05418270843783324
229,2017-11-29,39.94935607910156,0.0
230,2017-11-30,40.73117065429688,0.019570142098092713
231,2017-12-01,42.44082260131836,0.04197404394614712
232,2017-12-04,42.68245315551758,0.005693352281812558
233,2017-12-05,41.89714813232422,-0.01839877900953879
234,2017-12-06,39.0062141418457,-0.06900073440197041
235,2017-12-07,38.30720901489258,-0.017920353008656464
236,2017-12-08,37.193965911865234,-0.02906092956536066
237,2017-12-11,37.49600982666016,0.008120777319381656
238,2017-12-12,39.63616943359375,0.05707699610778061
239,2017-12-13,42.475341796875,0.07163084636717953
240,2017-12-14,42.90682601928711,0.010158463808850549
241,2017-12-15,43.2347526550293,0.007642761447672175
242,2017-12-18,41.59511566162109,-0.03792405166489321
243,2017-12-19,41.37936782836914,-0.00518685499054905
244,2017-12-20,39.69658660888672,-0.04066715630993112
245,2017-12-21,40.46461868286133,0.019347559565805916
246,2017-12-22,38.48841857910156,-0.04883772955450538
247,2017-12-26,37.17671203613281,-0.03408055179697567
248,2017-12-27,37.634090423583984,0.012302819760032557
249,2017-12-28,37.97927474975586,0.00917211821215047
250,2017-12-29,37.539154052734375,-0.011588443958485906
251,2018-01-02,37.97063827514648,0.011494244697308753
252,2018-01-03,41.59511566162109,0.09545473953349348
253,2018-01-04,38.695533752441406,-0.06970967295217934
254,2018-01-05,39.567142486572266,0.022524789028807835
255,2018-01-08,39.35139846801758,-0.00545260549527693
256,2018-01-09,40.46461868286133,0.028289216093514646
257,2018-01-10,40.00725173950195,-0.011302885292061138
258,2018-01-11,40.559547424316406,0.01380488938381963
259,2018-01-12,40.81843948364258,0.006383011541468919
260,2018-01-16,40.81843948364258,0.0
261,2018-01-17,42.02660369873047,0.029598491034230845
262,2018-01-18,40.97377014160156,-0.02505159742805274
263,2018-01-19,40.39559173583984,-0.014110939846726178
264,2018-01-22,40.87885284423828,0.01196321399519662
265,2018-01-23,40.60269546508789,-0.006755507063826882
266,2018-01-24,40.1021842956543,-0.012327042914280328
267,2018-01-25,40.30928802490234,0.005164400216236764
268,2018-01-26,40.30066680908203,-0.00021387665827732327
269,2018-01-29,39.4808464050293,-0.02034260147447442
270,2018-01-30,38.87675857543945,-0.015300782141106528
271,2018-01-31,38.40212631225586,-0.012208637771654263
272,2018-02-01,38.50568389892578,0.0026966628313200847
273,2018-02-02,38.36760711669922,-0.003585880531014607
274,2018-02-05,35.295440673828125,-0.08007188025895828
275,2018-02-06,36.07210159301758,0.022004567852452306
276,2018-02-07,36.4345588684082,0.010048133027569017
277,2018-02-08,35.295440673828125,-0.03126477251156701
278,2018-02-09,33.00856399536133,-0.06479241043057826
279,2018-02-12,34.92436218261719,0.05803942842000298
280,2018-02-13,38.18638610839844,0.09340253398829002
281,2018-02-14,37.98789978027344,-0.00519782960245474
282,2018-02-15,38.799102783203125,0.021354247210869426
283,2018-02-16,37.72900772094727,-0.02758040741908896
284,2018-02-20,37.49600982666016,-0.006175563799886263
285,2018-02-21,35.81322479248047,-0.044879042915740075
286,2018-02-22,35.088321685791016,-0.020241212872895376
287,2018-02-23,36.23607635498047,0.03271044649748056
288,2018-02-26,35.37310791015625,-0.023815173485404406
289,2018-02-27,35.442142486572266,0.001951611845681045
290,2018-02-28,34.087284088134766,-0.03822732779066074
291,2018-03-01,34.18221664428711,0.0027849844507086274
292,2018-03-02,33.85429000854492,-0.009593486553394537
293,2018-03-05,36.38277816772461,0.07468737812966952
294,2018-03-06,36.47772216796875,0.0026095863214856685
295,2018-03-07,35.90814208984375,-0.015614463959735647
296,2018-03-08,36.13370895385742,0.006281774853438282
297,2018-03-09,37.31358337402344,0.032653011670424226
298,2018-03-12,38.45875930786133,0.030690591208003104
299,2018-03-13,36.66292953491211,-0.04669494818004005
300,2018-03-14,37.73868179321289,0.0293416885106359
301,2018-03-15,33.83468246459961,-0.10344821660716819
302,2018-03-16,33.10594177246094,-0.021538274901829912
303,2018-03-19,35.54376983642578,0.07363717609123399
304,2018-03-20,35.25748443603516,-0.00805444672042721
305,2018-03-21,36.98391342163086,0.04896631206709645
306,2018-03-22,36.65424728393555,-0.008913771074926302
307,2018-03-23,36.87112808227539,0.005916934991457179
308,2018-03-26,35.85609817504883,-0.027529125362305007
309,2018-03-27,35.5958251953125,-0.007258820479174255
310,2018-03-28,35.76934051513672,0.00487459748080421
311,2018-03-29,37.73868179321289,0.05505668401246577
312,2018-04-02,36.83643341064453,-0.02390778743974631
313,2018-04-03,37.60855865478516,0.020960912136447796
314,2018-04-04,38.17247009277344,0.014994231583414397
315,2018-04-05,38.95326614379883,0.02045442826015087
316,2018-04-06,38.432735443115234,-0.013362953924377363
317,2018-04-09,38.21584701538086,-0.005643325285950462
318,2018-04-10,38.81445693969727,0.015663918794616594
319,2018-04-11,39.673336029052734,0.022127814146410074
320,2018-04-12,39.73406982421875,0.0015308466906220897
321,2018-04-13,39.04002380371094,-0.017467277416540306
322,2018-04-16,39.89891052246094,0.022000158685056004
323,2018-04-17,40.52355194091797,0.01565560087424922
324,2018-04-18,40.4281120300293,-0.0023551714081683217
325,2018-04-19,41.20891952514648,0.01931347905974956
326,2018-04-20,39.950950622558594,-0.030526616982040622
327,2018-04-23,41.59063720703125,0.04104249232925117
328,2018-04-24,40.49751663208008,-0.026282852304229
329,2018-04-25,40.10711669921875,-0.009640095623840605
330,2018-04-26,40.61897277832031,0.01276222579000641
331,2018-04-27,38.95326614379883,-0.041008093523490774
332,2018-04-30,39.73406982421875,0.02004462674676688
333,2018-05-01,40.98335647583008,0.031441195355474516
334,2018-05-02,41.55593490600586,0.013970998947181457
335,2018-05-03,42.10249328613281,0.013152354323472615
336,2018-05-04,42.71846008300781,0.014630173863785956
337,2018-05-07,43.15224075317383,0.010154407937999599
338,2018-05-08,41.64269256591797,-0.034981918920278354
339,2018-05-09,41.71209716796875,0.0016666694148299577
340,2018-05-10,41.72077178955078,0.00020796416797508321
341,2018-05-11,41.72077178955078,0.0
342,2018-05-14,39.21353149414063,-0.060095731403466135
343,2018-05-15,39.3089599609375,0.0024335596198756804
344,2018-05-16,40.7751350402832,0.03729875022902385
345,2018-05-17,40.79248428344727,0.0004254858542327433
346,2018-05-18,41.63401794433594,0.020629625179022115
347,2018-05-21,42.92668151855469,0.03104825424120783
348,2018-05-22,41.64269256591797,-0.029911209234324887
349,2018-05-23,41.64269256591797,0.0
350,2018-05-24,41.58196258544922,-0.0014583586393367431
351,2018-05-25,42.29336929321289,0.01710854090404612
352,2018-05-29,39.04002380371094,-0.07692329894426364
353,2018-05-30,39.19618225097656,0.0039999577882117165
354,2018-05-31,38.50745391845703,-0.017571311616767726
355,2018-06-01,39.25720977783203,0.01947040853344073
356,2018-06-04,38.53361129760742,-0.018432244276138432
357,2018-06-05,38.54233551025391,0.00022640526939232686
358,2018-06-06,37.87104415893555,-0.017416986864736694
359,2018-06-07,39.00438690185547,0.029926366385979675
360,2018-06-08,37.92334365844727,-0.027715939905128217
361,2018-06-11,38.58591842651367,0.01747142272141966
362,2018-06-12,37.83617782592773,-0.019430419986343317
363,2018-06-13,38.446434020996094,0.01612890704436265
364,2018-06-14,38.10643005371094,-0.008843576158441002
365,2018-06-15,37.53976821899414,-0.014870504372046622
366,2018-06-18,36.14487838745117,-0.037157657005383204
367,2018-06-19,36.10128784179688,-0.0012059950842004952
368,2018-06-20,37.19976043701172,0.030427518265513598
369,2018-06-21,36.7551383972168,-0.011952282341919251
370,2018-06-22,35.9792366027832,-0.021110022387845206
371,2018-06-25,36.702823638916016,0.02011123927173153
372,2018-06-26,37.81002807617188,0.030166737255656217
373,2018-06-27,38.42899703979492,0.01637049732880569
374,2018-06-28,37.48745727539063,-0.024500763406062442
375,2018-06-29,37.48745727539063,0.0
376,2018-07-02,36.87719345092773,-0.016279146915187614
377,2018-07-03,36.17975234985352,-0.01891253199629428
378,2018-07-05,35.752567291259766,-0.011807296370161202
379,2018-07-06,35.787445068359375,0.000975532101386678
380,2018-07-09,36.25821304321289,0.013154556687527741
381,2018-07-10,35.49974060058594,-0.020918638260605915
382,2018-07-11,34.86333465576172,-0.01792705901669922
383,2018-07-12,35.09000778198242,0.006501762624225638
384,2018-07-13,34.43614959716797,-0.01863374294120812
385,2018-07-16,35.26436233520508,0.02405067778266412
386,2018-07-17,35.36897277832031,0.002966463482902748
387,2018-07-18,35.07257461547852,-0.008380174473810786
388,2018-07-19,35.09872055053711,0.0007454809162212861
389,2018-07-20,35.74384689331055,0.01838033787711857
390,2018-07-23,36.22334289550781,0.013414784469855334
391,2018-07-24,35.43000793457031,-0.021901207826842573
392,2018-07-25,35.17717742919922,-0.0071360555673033454
393,2018-07-26,35.98794937133789,0.023048237561711815
394,2018-07-27,34.49717330932617,-0.04142431252832168
395,2018-07-30,34.270511627197266,-0.0065704421662753365
396,2018-07-31,34.87205123901367,0.01755268839753832
397,2018-08-01,35.28178787231445,0.011749714133316713
398,2018-08-02,35.403846740722656,0.003459543174227253
399,2018-08-03,35.56949615478516,0.004678853551582263
400,2018-08-06,35.307945251464844,-0.007353236103827543
401,2018-08-07,34.941795349121094,-0.010370184380201541
402,2018-08-08,34.74127578735352,-0.005738673693325702
403,2018-08-09,36.48487854003906,0.05018821885983371
404,2018-08-10,37.67924880981445,0.03273603524442792
405,2018-08-13,38.77773284912109,0.029153554648905455
406,2018-08-14,39.97208404541016,0.030799923268751472
407,2018-08-15,39.21361923217773,-0.01897486286606387
408,2018-08-16,39.40541458129883,0.004891039207207903
409,2018-08-17,38.49873733520508,-0.02300895081875487
410,2018-08-20,39.021820068359375,0.013587010103730535
411,2018-08-21,39.021820068359375,0.0
412,2018-08-22,39.00438690185547,-0.00044675431523610865
413,2018-08-23,38.35926055908203,-0.01653984061835745
414,2018-08-24,39.135162353515625,0.020227235434805202
415,2018-08-27,38.88233184814453,-0.006460443503139901
416,2018-08-28,38.9608039855957,0.0020181952501625577
417,2018-08-29,39.326961517333984,0.009398099994898823
418,2018-08-30,39.22234344482422,-0.0026602124464574217
419,2018-08-31,40.01567077636719,0.02022641336204134
420,2018-09-04,40.224910736083984,0.00522895045009153
421,2018-09-05,40.538761138916016,0.007802389044222036
422,2018-09-06,40.030704498291016,-0.01253261388240301
423,2018-09-07,39.85552215576172,-0.004376199338104958
424,2018-09-10,39.15476608276367,-0.017582408536999772
425,2018-09-11,39.19857025146485,0.0011187442317643903
426,2018-09-12,40.06574249267578,0.022122547726814767
427,2018-09-13,40.11830520629883,0.0013119116320545743
428,2018-09-14,39.68032836914063,-0.010917132089852899
429,2018-09-17,39.85552215576172,0.004415129456371458
430,2018-09-18,38.72555160522461,-0.02835166846192616
431,2018-09-19,38.44524383544922,-0.007238315741319834
432,2018-09-20,37.639381408691406,-0.020961303567406442
433,2018-09-21,34.599853515625,-0.08075392791563096
434,2018-09-24,36.30794525146485,0.049367022177376985
435,2018-09-25,35.95756912231445,-0.009650122768549152
436,2018-09-26,36.06267547607422,0.0029230661672994263
437,2018-09-27,36.65831756591797,0.016516857997375345
438,2018-09-28,37.19264221191406,0.014575809297174835
439,2018-10-01,37.35031127929688,0.004239254271972914
440,2018-10-02,37.35031127929688,0.0
441,2018-10-03,38.26130294799805,0.024390470587754454
442,2018-10-04,37.359073638916016,-0.023580726205489566
443,2018-10-05,37.052494049072266,-0.00820629528469874
444,2018-10-08,36.10647201538086,-0.025531939427302697
445,2018-10-09,35.826171875,-0.007763155044930858
446,2018-10-10,34.97650909423828,-0.0237162592678406
447,2018-10-11,34.86262512207031,-0.003256013110431555
448,2018-10-12,35.335636138916016,0.013567854261963053
449,2018-10-15,35.335636138916016,0.0
450,2018-10-16,35.335636138916016,0.0
451,2018-10-17,35.493316650390625,0.004462365156091108
452,2018-10-18,34.40713882446289,-0.030602319772665698
453,2018-10-19,33.98668670654297,-0.012219909364302839
454,2018-10-22,34.16187286376953,0.005154552391034795
455,2018-10-23,33.9166145324707,-0.007179299925295868
456,2018-10-24,34.41590118408203,0.014721004985132735
457,2018-10-25,35.72981643676758,0.03817756349478518
458,2018-10-26,34.44217300415039,-0.03603834447053422
459,2018-10-29,34.76627731323242,0.00941010049055202
460,2018-10-30,35.69478225708008,0.02670705682642227
461,2018-10-31,35.51958084106445,-0.004908320066327687
462,2018-11-01,36.28166198730469,0.021455240410922505
463,2018-11-02,35.44075012207031,-0.023177324829513513
464,2018-11-05,35.91376495361328,0.013346637131373962
465,2018-11-06,35.91376495361328,0.0
466,2018-11-07,36.11522674560547,0.005609598220971845
467,2018-11-08,36.32545852661133,0.00582113972277476
468,2018-11-09,35.221771240234375,-0.030383299513436657
469,2018-11-12,34.24946975708008,-0.027605127423109832
470,2018-11-13,35.248050689697266,0.029156099049117756
471,2018-11-14,35.0290641784668,-0.006212726858523143
472,2018-11-15,34.8538703918457,-0.005001383586170416
473,2018-11-16,33.28593063354492,-0.04498610170615691
474,2018-11-19,33.557464599609375,0.008157619777973357
475,2018-11-20,32.357421875,-0.03576082814740844
476,2018-11-21,34.86262512207031,0.07742283228707669
477,2018-11-23,36.17654800415039,0.0376885813239658
478,2018-11-26,35.47578811645508,-0.01937055706959434
479,2018-11-27,35.48454666137695,0.0002468879589967443
480,2018-11-28,34.748756408691406,-0.020735512269807743
481,2018-11-29,34.63488006591797,-0.0032771343363803274
482,2018-11-30,35.47578811645508,0.0242792251319095
483,2018-12-03,34.29326248168945,-0.033333315411733566
484,2018-12-04,34.345829010009766,0.001532852943005425
485,2018-12-06,34.46915054321289,0.003590582517812635
486,2018-12-07,34.87436294555664,0.011755798908817061
487,2018-12-10,34.521995544433594,-0.010103909329415961
488,2018-12-11,34.7862663269043,0.007655142129039394
489,2018-12-12,34.20488739013672,-0.016712886956710582
490,2018-12-13,35.720001220703125,0.044295243930646766
491,2018-12-14,36.45995330810547,0.02071534328429614
492,2018-12-17,36.028316497802734,-0.011838655048600266
493,2018-12-18,34.56605911254883,-0.04058633673163958
494,2018-12-19,33.95823287963867,-0.01758448167119786
495,2018-12-20,32.989253997802734,-0.02853443184957183
496,2018-12-21,35.35003662109375,0.07156217062223535
497,2018-12-24,33.93181228637695,-0.040119458712824296
498,2018-12-26,33.60587692260742,-0.00960559845783393
499,2018-12-27,33.96704864501953,0.010747278615697686
500,2018-12-28,34.275352478027344,0.00907655640705829
501,2018-12-31,34.09917449951172,-0.0051400778045554985
502,2019-01-02,35.332420349121094,0.036166442962630496
503,2019-01-03,35.24433898925781,-0.0024929330907123015
504,2019-01-04,35.60548782348633,0.010247002627530977
505,2019-01-07,36.46876525878906,0.0242456286396755
506,2019-01-08,36.812313079833984,0.009420330483004946
507,2019-01-09,36.99729919433594,0.005025115213509679
508,2019-01-10,35.99309158325195,-0.027142727522059817
509,2019-01-11,36.178070068359375,0.005139277482723692
510,2019-01-14,36.25735092163086,0.0021914063719175036
511,2019-01-15,36.55685424804688,0.00826048563402737
512,2019-01-16,37.14704513549805,0.016144465917296458
513,2019-01-17,36.11640548706055,-0.02774486220042871
514,2019-01-18,35.61430358886719,-0.013902321989746391
515,2019-01-22,35.28837585449219,-0.009151596452299682
516,2019-01-23,35.94904327392578,0.018721955982269778
517,2019-01-24,36.03712844848633,0.002450278687233798
518,2019-01-25,36.829925537109375,0.021999452308091527
519,2019-01-28,36.03712844848633,-0.02152589442040098
520,2019-01-29,35.376461029052734,-0.01833296513560989
521,2019-01-30,35.3236083984375,-0.0014940055923579054
522,2019-01-31,34.90959167480469,-0.01172068037225571
523,2019-02-01,35.41170120239258,0.014383139518365562
524,2019-02-04,35.270751953125,-0.003980301552359622
525,2019-02-05,35.35003662109375,0.00224788708996404
526,2019-02-06,35.58788299560547,0.006728320455820835
527,2019-02-07,35.00648498535156,-0.0163369653183838
528,2019-02-08,35.35003662109375,0.009813942641940354
529,2019-02-11,36.028316497802734,0.019187529675831927
530,2019-02-12,36.46876525878906,0.012225071937879362
531,2019-02-13,36.45115661621094,-0.0004828417538452756
532,2019-02-14,35.68476486206055,-0.021025169714629977
533,2019-02-15,35.67596435546875,-0.00024661803505821034
534,2019-02-19,36.97086334228516,0.03629611729382498
535,2019-02-20,36.38948822021485,-0.015725224393268844
536,2019-02-21,36.6273307800293,0.0065360237653004916
537,2019-02-22,36.79469680786133,0.0045694301022689565
538,2019-02-25,35.78167724609375,-0.02753167303042281
539,2019-02-26,35.332420349121094,-0.012555501350113518
540,2019-02-27,35.526206970214844,0.005484668731406961
541,2019-02-28,35.00648498535156,-0.014629256236079913
542,2019-03-01,35.35003662109375,0.009813942641940354
543,2019-03-04,35.67596435546875,0.009220011222860203
544,2019-03-05,36.01951217651367,0.009629671608085255
545,2019-03-06,35.03291702270508,-0.027390575113116045
546,2019-03-07,34.89118576049805,-0.0040456597466654864
547,2019-03-08,34.32428741455078,-0.01624760906203071
548,2019-03-11,34.44829559326172,0.0036128405875766045
549,2019-03-12,34.147125244140625,-0.008742677799711052
550,2019-03-13,34.32428741455078,0.005188201617076338
551,2019-03-14,33.75737762451172,-0.01651628723394083
552,2019-03-15,34.38629913330078,0.018630638783161624
553,2019-03-18,34.10283660888672,-0.008243472881894087
554,2019-03-19,34.54573059082031,0.01298701298701288
555,2019-03-20,34.3774299621582,-0.004871821373690466
556,2019-03-21,34.12055969238281,-0.007472061467600932
557,2019-03-22,33.81938171386719,-0.008826876851696586
558,2019-03-25,34.56344985961914,0.022001234441458184
559,2019-03-26,34.944339752197266,0.011020019532920644
560,2019-03-27,35.493526458740234,0.01571604186650677
561,2019-03-28,35.493526458740234,0.0
562,2019-03-29,34.598880767822266,-0.02520588344350505
563,2019-04-01,34.13827133178711,-0.013312842086601107
564,2019-04-02,34.36857223510742,0.00674612082967041
565,2019-04-03,33.31448745727539,-0.03067001941835934
566,2019-04-04,33.2170524597168,-0.002924703484739166
567,2019-04-05,33.2170524597168,0.0
568,2019-04-08,33.323341369628906,0.00319982966703658
569,2019-04-09,32.7741584777832,-0.016480426910196688
570,2019-04-10,32.7741584777832,0.0
571,2019-04-11,32.7741584777832,0.0
572,2019-04-12,32.88044738769531,0.0032430706034500822
573,2019-04-15,32.08323669433594,-0.024245737412250445
574,2019-04-16,32.15409851074219,0.002208686644722402
575,2019-04-17,32.26039123535156,0.00330572864836709
576,2019-04-18,32.508419036865234,0.00768830730241965
577,2019-04-22,32.20725631713867,-0.00926414537062037
578,2019-04-23,32.51728057861328,0.009625913440805434
579,2019-04-24,31.852933883666992,-0.020430573625004556
580,2019-04-25,31.002582550048828,-0.026696169863781094
581,2019-04-26,31.002582550048828,0.0
582,2019-04-29,31.206314086914062,0.006571437606410324
583,2019-04-30,32.021240234375,0.026114142964505538
584,2019-05-01,32.07438278198242,0.0016596030390594319
585,2019-05-02,31.62262916564941,-0.014084561483339919
586,2019-05-03,31.631492614746094,0.0002802881775025856
587,2019-05-06,31.356897354125977,-0.008681071866084022
588,2019-05-07,30.73685073852539,-0.019773850983984542
589,2019-05-08,31.064584732055664,0.010662575561766863
590,2019-05-09,31.002582550048828,-0.001995912146955381
591,2019-05-10,31.01143455505371,0.0002855247620288104
592,2019-05-13,30.93170928955078,-0.002570834488852647
593,2019-05-14,31.631492614746094,0.022623493536831907
594,2019-05-15,31.268308639526367,-0.011481721069666384
595,2019-05-16,31.002582550048828,-0.008498255935136645
596,2019-05-17,30.55083274841309,-0.014571360334464378
597,2019-05-20,30.47110748291016,-0.0026095938581927047
598,2019-05-21,30.267372131347656,-0.006686181382700607
599,2019-05-22,29.904203414916992,-0.011998686732850983
600,2019-05-23,29.95734596252441,0.001777092901291244
601,2019-05-24,30.20536422729492,0.008279046651221034
602,2019-05-28,30.71027183532715,0.016715825845793786
603,2019-05-29,29.638465881347656,-0.03490056876496139
604,2019-05-30,30.559680938720703,0.031081738881525434
605,2019-05-31,30.16107940673828,-0.013043380026830476
606,2019-06-03,30.11679458618164,-0.0014682770453747773
607,2019-06-04,30.33823776245117,0.007352813581666284
608,2019-06-05,29.94849395751953,-0.012846619766887502
609,2019-06-06,30.403478622436523,0.015192238566732685
610,2019-06-07,30.5997371673584,0.006455134537698637
611,2019-06-10,30.822772979736328,0.007288814644324626
612,2019-06-11,30.7067928314209,-0.0037628070774708977
613,2019-06-12,29.975261688232425,-0.02382310478351002
614,2019-06-13,30.38563346862793,0.0136903485502049
615,2019-06-14,30.23397254943848,-0.004991204785841807
616,2019-06-17,30.54621315002441,0.01032747516309196
617,2019-06-18,30.626502990722656,0.0026284711726429766
618,2019-06-19,30.349946975708008,-0.009029957324818372
619,2019-06-20,30.44808006286621,0.003233385786036047
620,2019-06-21,28.378360748291016,-0.06797536364532153
621,2019-06-24,29.903886795043945,0.05375666552004055
622,2019-06-25,29.975261688232425,0.0023868099046011615
623,2019-06-26,29.439985275268555,-0.01785727239118673
624,2019-06-27,29.26156044006348,-0.006060629227113146
625,2019-06-28,30.581899642944336,0.04512196831010806
626,2019-07-01,30.9209098815918,0.011085323103062317
627,2019-07-02,29.89496612548828,-0.033179610821035266
628,2019-07-03,30.572978973388672,0.022679833288799855
629,2019-07-05,29.70761680603028,-0.02830480366704269
630,2019-07-08,29.439985275268555,-0.009008852258636901
631,2019-07-09,29.58272361755371,0.0048484515515387905
632,2019-07-10,29.39537811279297,-0.0063329363172488495
633,2019-07-11,29.306167602539062,-0.003034848196597273
634,2019-07-12,29.09205818176269,-0.007305950872874334
635,2019-07-15,28.378360748291016,-0.02453238024661597
636,2019-07-16,28.61031150817871,0.00817350804526873
637,2019-07-17,28.54786491394043,-0.002182660409706827
638,2019-07-18,28.146408081054688,-0.014062586960389645
639,2019-07-19,28.128568649291992,-0.0006338084671877464
640,2019-07-22,29.181270599365234,0.03742465403051143
641,2019-07-23,28.78873443603516,-0.013451647418622481
642,2019-07-24,29.42214012145996,0.02200185933258525
643,2019-07-25,29.02960968017578,-0.013341328661468643
644,2019-07-26,28.797651290893555,-0.007990406754956436
645,2019-07-29,29.46674346923828,0.02323426211346291
646,2019-07-30,29.386457443237305,-0.0027246317898953487
647,2019-07-31,29.10990333557129,-0.009410937272728681
648,2019-08-01,29.9663314819336,0.029420508082408814
649,2019-08-02,30.24289321899414,0.00922908221939922
650,2019-08-05,28.56570625305176,-0.05545722605960912
651,2019-08-06,28.31591033935547,-0.008744608359529171
652,2019-08-07,27.932296752929688,-0.01354763388597846
653,2019-08-08,29.35076904296875,0.05078251540093226
654,2019-08-09,29.55596351623535,0.006991110623582042
655,2019-08-12,29.743305206298828,0.006338541119140562
656,2019-08-13,29.25263404846192,-0.016496860534954805
657,2019-08-14,28.72629165649414,-0.017992991369454314
658,2019-08-15,28.4497299194336,-0.009627477864794898
659,2019-08-16,28.10180282592773,-0.012229539418868285
660,2019-08-19,27.5665283203125,-0.019047692738110245
661,2019-08-20,27.29889488220215,-0.00970863777261155
662,2019-08-21,27.539766311645508,0.008823486462831154
663,2019-08-22,28.10180282592773,0.020408180226444417
664,2019-08-23,27.521923065185547,-0.02063496652987562
665,2019-08-26,27.54868507385254,0.0009723887609018877
666,2019-08-27,27.325658798217773,-0.00809571400728848
667,2019-08-28,27.30781364440918,-0.0006530548427164939
668,2019-08-29,27.44163703918457,0.004900553245235306
669,2019-08-30,27.37918281555176,-0.0022758927808727014
670,2019-09-03,27.165077209472656,-0.007820014480398929
671,2019-09-04,27.06694221496582,-0.00361254244742637
672,2019-09-05,26.98601531982422,-0.0029898794809875007
673,2019-09-06,27.02198028564453,0.0013327260580739964
674,2019-09-09,26.932058334350582,-0.0033277335836752187
675,2019-09-10,27.651443481445312,0.026711109049440518
676,2019-09-11,27.048961639404297,-0.021788440898041883
677,2019-09-12,27.408647537231445,0.013297586155882835
678,2019-09-13,26.52740478515625,-0.03215199695198856
679,2019-09-16,26.98601531982422,0.01728817946505612
680,2019-09-17,26.79717445373535,-0.006997730633842125
681,2019-09-18,26.79717445373535,0.0
682,2019-09-19,27.768346786499023,0.03624159459201115
683,2019-09-20,28.604633331298828,0.030116540650753088
684,2019-09-23,27.68741607666016,-0.03206533864690586
685,2019-09-24,27.471593856811523,-0.007794957075484166
686,2019-09-25,27.471593856811523,0.0
687,2019-09-26,28.164005279541016,0.025204632331800703
688,2019-09-27,27.89423942565918,-0.009578390971180517
689,2019-09-30,27.87625312805176,-0.0006448032990952202
690,2019-10-01,27.06694221496582,-0.02903227020390109
691,2019-10-02,26.221664428710938,-0.03122915693770212
692,2019-10-03,27.00399780273437,0.029835381966326846
693,2019-10-04,27.291751861572266,0.0106559799382282
694,2019-10-07,26.707256317138672,-0.02141656378081702
695,2019-10-08,27.300743103027344,0.02222193020657892
696,2019-10-09,26.761205673217773,-0.01976273787762728
697,2019-10-10,26.887094497680664,0.004704153691732937
698,2019-10-11,27.51656150817871,0.023411492474664675
699,2019-10-14,27.453617095947266,-0.002287510095065337
700,2019-10-15,27.43562889099121,-0.0006552216741855243
701,2019-10-16,27.06694221496582,-0.013438244025324786
702,2019-10-17,26.61732482910156,-0.01661131066425592
703,2019-10-18,26.887094497680664,0.010135115768063807
704,2019-10-21,27.16585922241211,0.010367975043026334
705,2019-10-22,27.039968490600582,-0.004634152403604652
706,2019-10-23,26.82415199279785,-0.00798138865722986
707,2019-10-24,27.678422927856445,0.03184708076840459
708,2019-10-25,27.41764259338379,-0.009421791666106794
709,2019-10-28,27.68741607666016,0.009839412063146202
710,2019-10-29,27.822303771972656,0.004871805116773098
711,2019-10-30,28.09206962585449,0.009696028628426667
712,2019-10-31,26.97702407836914,-0.03969253822648644
713,2019-11-01,27.87625312805176,0.033333144792781155
714,2019-11-04,27.372682571411133,-0.018064499354609742
715,2019-11-05,27.78633117675781,0.015111730619296493
716,2019-11-06,27.86726188659668,0.002912608696846064
717,2019-11-07,27.96617889404297,0.003549577559819994
718,2019-11-08,29.07223892211914,0.039549916070649616
719,2019-11-11,28.75750541687012,-0.010825912173195618
720,2019-11-12,29.27006721496582,0.01782358346684032
721,2019-11-13,28.9013786315918,-0.012596096232587728
722,2019-11-14,29.1171989440918,0.007467474657561368
723,2019-11-15,28.433778762817383,-0.023471357344044597
724,2019-11-18,27.98415946960449,-0.015812857550993487
725,2019-11-19,28.19997787475586,0.007712163210968903
726,2019-11-20,27.61547470092773,-0.020727079163823214
727,2019-11-21,27.4266357421875,-0.00683815725731074
728,2019-11-22,27.957181930541992,0.01934419494033701
729,2019-11-25,28.047107696533203,0.0032165533069330454
730,2019-11-26,28.4157943725586,0.013145265458903932
731,2019-11-27,29.135183334350582,0.025316517721098775
732,2019-11-29,28.9013786315918,-0.008024823460888397
733,2019-12-02,28.54168701171875,-0.012445483118922018
734,2019-12-03,28.12803649902344,-0.014492854347588846
735,2019-12-04,28.4157943725586,0.010230286552179058
736,2019-12-05,28.99570846557617,0.02040816052559835
737,2019-12-06,29.68435287475586,0.023749873537225463
738,2019-12-09,29.68435287475586,0.0
739,2019-12-10,30.545164108276367,0.028998820932780278
740,2019-12-11,32.919189453125,0.0777218068442258
741,2019-12-12,34.72236633300781,0.05477585900012616
742,2019-12-13,34.93076705932617,0.006001916007672747
743,2019-12-16,35.23884582519531,0.008819696554212664
744,2019-12-17,35.003257751464844,-0.006685465094376841
745,2019-12-18,34.38710021972656,-0.017602862456780777
746,2019-12-19,34.196815490722656,-0.0055336078874934636
747,2019-12-20,34.28742218017578,0.002649565117480268
748,2019-12-23,33.544410705566406,-0.021670088544567423
749,2019-12-24,32.964500427246094,-0.01728783621839214
750,2019-12-26,33.263511657714844,0.00907070413909894
751,2019-12-27,33.136661529541016,-0.0038134917767892462
752,2019-12-30,33.73469543457031,0.0180475001833289
753,2019-12-31,34.49583435058594,0.022562495561635698
754,2020-01-02,35.28414535522461,0.022852353609625897
755,2020-01-03,35.33852005004883,0.0015410517748637442
756,2020-01-06,35.38382339477539,0.0012819819466802773
757,2020-01-07,34.885459899902344,-0.014084500968502778
758,2020-01-08,34.976078033447266,0.002597590337204414
759,2020-01-09,34.02465057373047,-0.027202234018547045
760,2020-01-10,34.849212646484375,0.024234255425110263
761,2020-01-13,35.26602935791016,0.01196057757901281
762,2020-01-14,35.320396423339844,0.001541627067734641
763,2020-01-15,35.30228042602539,-0.0005129046995203668
764,2020-01-16,35.220726013183594,-0.0023101740697089035
765,2020-01-17,34.26024627685547,-0.02727029919737045
766,2020-01-21,34.63175201416016,0.010843638843182068
767,2020-01-22,33.97028732299805,-0.01909994882417898
768,2020-01-23,32.611114501953125,-0.04001063659313697
769,2020-01-24,32.13087463378906,-0.014726263591368527
770,2020-01-27,31.71405601501465,-0.012972526379225413
771,2020-01-28,32.13087463378906,0.013143024612716658
772,2020-01-29,32.11273956298828,-0.0005644126095998292
773,2020-01-30,31.822790145874023,-0.009029108729435187
774,2020-01-31,32.040252685546875,0.006833547236933413
775,2020-02-03,32.34833526611328,0.009615485358059672
776,2020-02-04,31.71405601501465,-0.01960778648671535
777,2020-02-05,32.085567474365234,0.011714410139614273
778,2020-02-06,32.520503997802734,0.013555519121953852
779,2020-02-07,30.980100631713867,-0.047367143085880414
780,2020-02-10,32.02213668823242,0.03363565757600662
781,2020-02-11,30.62672233581543,-0.0435765534949385
782,2020-02-12,30.80794715881348,0.005917212459464638
783,2020-02-13,30.70827293395996,-0.0032353413338351844
784,2020-02-14,30.80794715881348,0.0032458427430248626
785,2020-02-18,29.82933235168457,-0.031765011868015613
786,2020-02-19,29.448766708374023,-0.012758101281775902
787,2020-02-20,29.54844093322754,0.003384665505369755
788,2020-02-21,29.72966384887696,0.006133078765777844
789,2020-02-24,29.11350440979004,-0.020725408878452423
790,2020-02-25,28.0895938873291,-0.03516960748004716
791,2020-02-26,28.13489532470703,0.0016127480361460833
792,2020-02-27,27.98085594177246,-0.005475029537405085
793,2020-02-28,27.50061798095703,-0.017163090429213268
794,2020-03-02,27.627471923828125,0.004612766991597628
795,2020-03-03,27.79057502746582,0.005903656479586239
796,2020-03-04,27.428129196166992,-0.013042041445368358
797,2020-03-05,25.948490142822266,-0.05394604359496391
798,2020-03-06,25.63794708251953,-0.01196767359462858
799,2020-03-09,22.623868942260746,-0.11756316254798127
800,2020-03-10,23.290616989135746,0.0294710002332772
801,2020-03-11,22.79740524291992,-0.02117641393724745
802,2020-03-12,21.692243576049805,-0.048477519923603496
803,2020-03-13,21.007226943969727,-0.03157887424961414
804,2020-03-16,17.582136154174805,-0.16304345161454636
805,2020-03-17,17.043254852294922,-0.03064936462523793
806,2020-03-18,14.832928657531738,-0.12968920631176017
807,2020-03-19,15.30787467956543,0.03201970649218544
808,2020-03-20,15.74628448486328,0.0286394953234812
809,2020-03-23,15.25307273864746,-0.03132242064405344
810,2020-03-24,17.235057830810547,0.12994005379265228
811,2020-03-25,19.399715423583984,0.1255961896979394
812,2020-03-26,22.285924911499023,0.14877586732052328
813,2020-03-27,24.53278541564941,0.10081971078485763
814,2020-03-30,23.95737075805664,-0.02345492563700957
815,2020-03-31,21.46390151977539,-0.10407941937629861
816,2020-04-01,18.66902732849121,-0.13021277556222344
817,2020-04-02,19.180509567260746,0.027397369438146857
818,2020-04-03,19.372314453125,0.009999989061377557
819,2020-04-06,20.57794570922852,0.06223475563649217
820,2020-04-07,19.125707626342773,-0.07057254904868693
821,2020-04-08,20.16693115234375,0.05444104586053844
822,2020-04-09,21.29949951171875,0.05615967798072119
823,2020-04-13,20.40440559387207,-0.042024176077668396
824,2020-04-14,20.9158878326416,0.025067245228802104
825,2020-04-15,20.5048828125,-0.01965037408071113
826,2020-04-16,19.819860458374023,-0.03340776732985662
827,2020-04-17,20.87021827697754,0.05299521764088566
828,2020-04-20,21.189897537231445,0.01531748523236831
829,2020-04-21,20.98895835876465,-0.009482781977295462
830,2020-04-22,21.281232833862305,0.013925153888144637
831,2020-04-23,23.0166130065918,0.08154509591982806
832,2020-04-24,23.171884536743164,0.006746063380693501
833,2020-04-27,23.655961990356445,0.020890724396873672
834,2020-04-28,23.747295379638672,0.0038609036199610536
835,2020-04-29,26.103757858276367,0.09923077306134687
836,2020-04-30,25.519210815429688,-0.02239321426517693
837,2020-05-01,25.11733627319336,-0.015747922031873474
838,2020-05-04,26.62437438964844,0.05999991798746107
839,2020-05-05,27.035385131835938,0.015437385914588653
840,2020-05-06,26.396034240722656,-0.023648669622997276
841,2020-05-07,26.46910285949707,0.0027681665400209887
842,2020-05-08,26.48737335205078,0.0006902573408209545
843,2020-05-11,26.48737335205078,0.0
844,2020-05-12,26.231630325317383,-0.009655280776022956
845,2020-05-13,25.528345108032227,-0.026810579768135168
846,2020-05-14,25.574010848999023,0.0017888249619608665
847,2020-05-15,26.94405174255371,0.053571608366167256
848,2020-05-18,25.66534996032715,-0.04745766503287485
849,2020-05-19,24.39577865600586,-0.04946635468769223
850,2020-05-20,26.396034240722656,0.0819918729761211
851,2020-05-21,24.7154541015625,-0.06366790267938927
852,2020-05-22,25.044265747070312,0.013303888496510652
853,2020-05-26,24.38664627075196,-0.026258285348025434
854,2020-05-27,23.64682960510254,-0.030336958080895204
855,2020-05-28,25.574010848999023,0.081498504284931
856,2020-05-29,23.96650505065918,-0.06285700775804437
857,2020-06-01,24.9711971282959,0.04192067535558697
858,2020-06-02,24.47798538208008,-0.019751225529229366
859,2020-06-03,24.57845497131348,0.004104487671887869
860,2020-06-04,25.34336280822754,0.031121070783611593
861,2020-06-05,25.758071899414062,0.0163636173433106
862,2020-06-08,26.624351501464844,0.03363138380208053
863,2020-06-09,26.19121360778809,-0.016268486150842865
864,2020-06-10,25.426305770874023,-0.02920474966790454
865,2020-06-11,23.04863739013672,-0.0935121445546736
866,2020-06-12,26.624351501464844,0.15513776588191242
867,2020-06-15,25.35257911682129,-0.04776726240913631
868,2020-06-16,24.56002426147461,-0.031261310799768904
869,2020-06-17,25.34336280822754,0.03189486046158718
870,2020-06-18,24.818065643310547,-0.020727208496042926
871,2020-06-19,25.10375213623047,0.011511231254919485
872,2020-06-22,25.435523986816406,0.013216026384642143
873,2020-06-23,26.33866500854492,0.03550707357932259
874,2020-06-24,25.794937133789062,-0.020643714272513658
875,2020-06-25,25.80415344238281,0.00035729137644113784
876,2020-06-26,24.58767318725586,-0.047142808146881654
877,2020-06-29,24.55080795288086,-0.0014993380664465317
878,2020-06-30,24.670610427856445,0.004879777284947817
879,2020-07-01,25.324928283691406,0.02652215913944911
880,2020-07-02,25.159046173095703,-0.00655015124771452
881,2020-07-06,24.00707626342773,-0.04578750329970194
882,2020-07-07,23.8596248626709,-0.006141997431876378
883,2020-07-08,23.29746627807617,-0.023561082281484014
884,2020-07-09,22.55098342895508,-0.032041374809223644
885,2020-07-10,22.55098342895508,0.0
886,2020-07-13,21.749210357666016,-0.035553796304049534
887,2020-07-14,20.274688720703125,-0.0677965596320218
888,2020-07-15,20.8460693359375,0.02818196733402467
889,2020-07-16,20.81842041015625,-0.0013263376100157709
890,2020-07-17,21.048816680908203,0.011066942938646518
891,2020-07-20,21.242345809936523,0.009194299706351439
892,2020-07-21,20.984304428100582,-0.01214749934610504
893,2020-07-22,21.131759643554688,0.007026928910573993
894,2020-07-23,20.035079956054688,-0.05189722512457662
895,2020-07-24,20.274688720703125,0.011959461363468371
896,2020-07-27,21.05802726745605,0.03863627982377027
897,2020-07-28,20.053510665893555,-0.04770231270024605
898,2020-07-29,20.274688720703125,0.011029393231667184
899,2020-07-30,20.182531356811523,-0.0045454391513047865
900,2020-07-31,19.509780883789062,-0.033333304981855494
901,2020-08-03,19.979785919189453,0.02409073880429502
902,2020-08-04,19.813899993896484,-0.008302687824780164
903,2020-08-05,19.72174644470215,-0.004650954593629852
904,2020-08-06,19.989002227783203,0.013551324363205497
905,2020-08-07,20.4221420288086,0.021668905535633387
906,2020-08-10,20.357629776000977,-0.003158936644188426
907,2020-08-11,20.256261825561523,-0.004979359166800146
908,2020-08-12,20.72626304626465,0.023202761928660776
909,2020-08-13,20.45900535583496,-0.012894639512830763
910,2020-08-14,20.72626304626465,0.01306308326242589
911,2020-08-17,20.95665740966797,0.011116059025644942
912,2020-08-18,20.3852767944336,-0.027264873594334382
913,2020-08-19,20.68018341064453,0.014466647629305607
914,2020-08-20,20.74469375610352,0.003119428110380351
915,2020-08-21,20.92900848388672,0.008884909555677112
916,2020-08-24,20.265474319458008,-0.031704042020890166
917,2020-08-25,20.63410377502441,0.018190023571886593
918,2020-08-26,20.31155586242676,-0.01563178687644584
919,2020-08-27,20.099586486816406,-0.010435900481777782
920,2020-08-28,20.412925720214844,0.015589337303230533
921,2020-08-31,19.601940155029297,-0.03972902151808799
922,2020-09-01,20.08116149902344,0.02444764855948156
923,2020-09-02,19.95213890075684,-0.006425056552275432
924,2020-09-03,19.56073760986328,-0.01961700912570885
925,2020-09-04,20.231708526611328,0.0343019230731727
926,2020-09-08,19.858943939208984,-0.01842477054827263
927,2020-09-09,19.94281768798828,0.004223474774693203
928,2020-09-10,20.166475296020508,0.011214945226468043
929,2020-09-11,19.33708000183105,-0.04112742965812788
930,2020-09-14,19.793710708618164,0.023614253379717898
931,2020-09-15,19.476865768432617,-0.01600735429802924
932,2020-09-16,19.70984268188477,0.011961725065115614
933,2020-09-17,19.66324615478516,-0.002364124759982822
934,2020-09-18,19.020233154296875,-0.03270126384151495
935,2020-09-21,18.83384704589844,-0.009799359812596609
936,2020-09-22,18.95499610900879,0.0064325181581386115
937,2020-09-23,18.759296417236328,-0.010324438509351608
938,2020-09-24,18.871124267578125,0.005961196403882596
939,2020-09-25,18.54495620727539,-0.017283976072539176
940,2020-09-28,18.64746856689453,0.005527775772202981
941,2020-09-29,18.63814926147461,-0.0004997624951874613
942,2020-09-30,18.54495620727539,-0.005000123826234715
943,2020-10-01,18.44244766235352,-0.005527570072214938
944,2020-10-02,18.63814926147461,0.010611476453886048
945,2020-10-05,18.52632141113281,-0.005999943920019457
946,2020-10-06,18.40517234802246,-0.006539294035865506
947,2020-10-07,18.60087013244629,0.010632760222147875
948,2020-10-08,18.47040557861328,-0.007013895205119081
949,2020-10-09,20.26898765563965,0.09737642572986749
950,2020-10-12,19.094783782958984,-0.05793105667780862
951,2020-10-13,18.63814926147461,-0.023914097518710653
952,2020-10-14,18.507680892944336,-0.007000071020997423
953,2020-10-15,18.740657806396484,0.012588120294475535
954,2020-10-16,19.038867950439453,0.015912469408687624
955,2020-10-19,20.147836685180664,0.05824761942926404
956,2020-10-20,19.93350410461425,-0.010637994734395528
957,2020-10-21,20.008054733276367,0.0037399660526751255
958,2020-10-22,19.86826515197754,-0.006986665278675863
959,2020-10-23,19.98941230773925,0.006097520585467642
960,2020-10-26,18.71269798278809,-0.06386952779281352
961,2020-10-27,18.49835968017578,-0.011454163520912664
962,2020-10-28,18.39585494995117,-0.005541287551807383
963,2020-10-29,18.013771057128906,-0.020770107932563175
964,2020-10-30,17.78079605102539,-0.012933161266714177
965,2020-11-02,18.004451751708984,0.012578497612917294
966,2020-11-03,18.16287612915039,0.00879917809362718
967,2020-11-04,17.70624351501465,-0.0251409859808972
968,2020-11-05,19.681884765625,0.11157879134188087
969,2020-11-06,19.69120407104492,0.0004734965950108361
970,2020-11-09,22.26326560974121,0.13061982037342257
971,2020-11-10,23.241771697998047,0.043951597461456604
972,2020-11-11,26.07477188110352,0.12189260870114715
973,2020-11-12,23.78227806091309,-0.087919995259932
974,2020-11-13,23.847511291503903,0.0027429344835567804
975,2020-11-16,25.133543014526367,0.05392729276034092
976,2020-11-17,24.238910675048828,-0.03559515421126547
977,2020-11-18,24.98443984985352,0.030757536293581467
978,2020-11-19,24.537118911743164,-0.017903981069760766
979,2020-11-20,24.41597557067871,-0.004937146105057799
980,2020-11-23,23.86614799499512,-0.022519172911684926
981,2020-11-24,24.676908493041992,0.033971150192183996
982,2020-11-25,24.537118911743164,-0.005664793113701605
983,2020-11-27,24.919204711914062,0.015571746688973986
984,2020-11-30,24.69554901123047,-0.008975234292957324
985,2020-12-01,24.238910675048828,-0.018490714094834715
986,2020-12-02,25.981576919555664,0.07189540272124151
987,2020-12-03,25.483381271362305,-0.019174958076481508
988,2020-12-04,26.25417709350586,0.03024699956162258
989,2020-12-07,25.65258026123047,-0.022914328266041895
990,2020-12-08,25.840579986572266,0.007328686760837311
991,2020-12-09,25.03218078613281,-0.03128409659765885
992,2020-12-10,26.33877944946289,0.052196757225958734
993,2020-12-11,26.470378875732425,0.004996413236309616
994,2020-12-14,25.445781707763672,-0.03870731026476115
995,2020-12-15,25.15438270568848,-0.011451760665944999
996,2020-12-16,25.36118125915528,0.008221173856118202
997,2020-12-17,25.41758155822754,0.0022238829688541184
998,2020-12-18,27.53257942199707,0.08321003549942052
999,2020-12-21,26.50798225402832,-0.037213991187115214
1000,2020-12-22,25.90637588500977,-0.022695290922308042
1001,2020-12-23,26.1413803100586,0.009071296814805008
1002,2020-12-24,25.29537773132324,-0.032362582568367326
1003,2020-12-28,25.15438270568848,-0.005573944264930408
1004,2020-12-29,24.383583068847656,-0.030642757004190502
1005,2020-12-30,24.280179977416992,-0.004240684854998622
1006,2020-12-31,22.65398406982422,-0.06697627073214862
1007,2021-01-04,22.44718170166016,-0.009128741660921591
1008,2021-01-05,22.240385055541992,-0.009212588416071532
1009,2021-01-06,22.04298210144043,-0.008875878435044116
1010,2021-01-07,22.108783721923828,0.0029851505654081567
1011,2021-01-08,22.1557846069336,0.002125891935121027
1012,2021-01-11,21.995981216430664,-0.007212716378048101
1013,2021-01-12,22.982982635498047,0.044871897705118347
1014,2021-01-13,22.55998420715332,-0.018404853497621776
1015,2021-01-14,23.49058151245117,0.041249909430467246
1016,2021-01-15,23.02058219909668,-0.02000798971729867
1017,2021-01-19,23.9699821472168,0.04124135262562456
1018,2021-01-20,23.02058219909668,-0.03960787047270942
1019,2021-01-21,23.59398460388184,0.024908249488480028
1020,2021-01-22,24.43058204650879,0.03545808207780676
1021,2021-01-25,24.05458068847656,-0.015390601718634156
1022,2021-01-26,24.97578239440918,0.038296311121063464
1023,2021-01-27,24.656179428100582,-0.012796514690172067
1024,2021-01-28,23.01118278503418,-0.06671741856289404
1025,2021-01-29,22.757381439208984,-0.011029478501655365
1026,2021-02-01,22.578786849975582,-0.007847765337610335
1027,2021-02-02,23.368379592895508,0.034970556574468015
1028,2021-02-03,23.37778282165528,0.0004023911338135733
1029,2021-02-04,23.38718032836914,0.0004019845160490032
1030,2021-02-05,24.637380599975582,0.0534566482172254
1031,2021-02-08,25.596179962158203,0.03891644886078405
1032,2021-02-09,25.08858108520508,-0.019831040323343707
1033,2021-02-10,25.483381271362305,0.01573625008191626
1034,2021-02-11,26.11318016052246,0.024714102200712018
1035,2021-02-12,26.08497810363769,-0.0010799931954440511
1036,2021-02-16,26.272979736328125,0.007207275848325034
1037,2021-02-17,27.128379821777344,0.032558167898498525
1038,2021-02-18,26.50798225402832,-0.02286895022204749
1039,2021-02-19,26.611377716064453,0.003900540638864358
1040,2021-02-22,26.31997871398925,-0.010950165947225421
1041,2021-02-23,27.250577926635746,0.0353571415371956
1042,2021-02-24,28.782777786254883,0.0562263253184625
1043,2021-02-25,28.19997787475586,-0.02024821634058327
1044,2021-02-26,27.353981018066406,-0.029999912072511736
1045,2021-03-01,27.9179801940918,0.02061854088634818
1046,2021-03-02,26.432781219482425,-0.05319865421079717
1047,2021-03-03,28.26577949523925,0.06934564548984357
1048,2021-03-04,29.222814559936523,0.03385843524529242
1049,2021-03-05,29.829254150390625,0.020752264954160493
1050,2021-03-08,30.20828056335449,0.012706533359933214
1051,2021-03-09,29.374425888061523,-0.02760351333284783
1052,2021-03-10,30.31251335144043,0.0319355165256241
1053,2021-03-11,30.62520980834961,0.010315754859513193
1054,2021-03-12,30.6915340423584,0.002165674436970022
1055,2021-03-15,29.83872985839844,-0.027786300377914408
1056,2021-03-16,29.49760627746582,-0.011432242007332172
1057,2021-03-17,28.455291748046875,-0.03533556315093955
1058,2021-03-18,27.82989883422852,-0.021978088271095708
1059,2021-03-19,35.57147979736328,0.27817495885444066
1060,2021-03-22,31.77175712585449,-0.1068193590245421
1061,2021-03-23,29.649219512939453,-0.06680579876357562
1062,2021-03-24,27.697240829467773,-0.06583575269560804
1063,2021-03-25,31.64857482910156,0.1426616472002462
1064,2021-03-26,30.74839210510254,-0.028443072993330598
1065,2021-03-29,28.426862716674805,-0.07550083856392897
1066,2021-03-30,27.03394889831543,-0.04899991364654921
1067,2021-03-31,26.54121398925781,-0.018226523654053528
1068,2021-04-01,28.3226318359375,0.06711892859914759
1069,2021-04-05,28.80588722229004,0.01706251697059291
1070,2021-04-06,27.820425033569336,-0.034210443896973586
1071,2021-04-07,26.53173828125,-0.046321605466643656
1072,2021-04-08,27.365591049194336,0.031428501182435564
1073,2021-04-09,26.256946563720703,-0.040512353030513926
1074,2021-04-12,24.636613845825195,-0.061710630136038946
1075,2021-04-13,24.958786010742188,0.013076966133947154
1076,2021-04-14,25.195676803588867,0.009491278652123736
1077,2021-04-15,25.603126525878903,0.016171414067035483
1078,2021-04-16,25.58417701721192,-0.0007401247909245567
1079,2021-04-19,25.36623764038086,-0.008518522080442237
1080,2021-04-20,25.21462821960449,-0.005976819381957599
1081,2021-04-21,25.603126525878903,0.015407655543870247
1082,2021-04-22,25.290433883666992,-0.012213064755816072
1083,2021-04-23,25.30938148498535,0.000749200326317645
1084,2021-04-26,25.243053436279297,-0.002620690226879052
1085,2021-04-27,25.79264068603516,0.021771821350502485
1086,2021-04-28,25.157773971557617,-0.024614258082588547
1087,2021-04-29,25.622079849243164,0.018455761555472794
1088,2021-04-30,25.11039924621582,-0.01997029929022165
1089,2021-05-03,27.176082611083984,0.08226405899059785
1090,2021-05-04,25.394662857055664,-0.06555101334957503
1091,2021-05-05,25.28096008300781,-0.004477427981142257
1092,2021-05-06,24.930360794067383,-0.013868116075863579
1093,2021-05-07,24.2860164642334,-0.02584576834472918
1094,2021-05-10,26.076908111572266,0.07374167970182999
1095,2021-05-11,26.06743431091309,-0.0003633022986713197
1096,2021-05-12,25.527324676513672,-0.020719708274983595
1097,2021-05-13,24.27654266357422,-0.04899777116441151
1098,2021-05-14,25.40414047241211,0.04644803934663222
1099,2021-05-17,26.721254348754883,0.05184642549796581
1100,2021-05-18,26.266420364379883,-0.01702143089686936
1101,2021-05-19,26.1527156829834,-0.004328899020845656
1102,2021-05-20,26.53173828125,0.014492666951341437
1103,2021-05-21,25.88739776611328,-0.02428565020152018
1104,2021-05-24,25.8494930267334,-0.0014642158984978781
1105,2021-05-25,24.939836502075195,-0.03519049769051341
1106,2021-05-26,25.58417701721192,0.025835795478575507
1107,2021-05-27,25.58417701721192,0.0
1108,2021-05-28,25.69788360595703,0.004444410647589381
1109,2021-06-01,26.52226448059082,0.03207971859763159
1110,2021-06-02,26.370655059814453,-0.005716307553124467
1111,2021-06-03,26.85811424255371,0.018484909898278667
1112,2021-06-04,26.810321807861328,-0.0017794411871501215
1113,2021-06-07,26.50446510314941,-0.011408169842341609
1114,2021-06-08,28.205799102783203,0.0641904672670277
1115,2021-06-09,28.76972198486328,0.01999315389098233
1116,2021-06-10,28.68370246887207,-0.0029899321250469457
1117,2021-06-11,27.947729110717773,-0.02565824125923022
1118,2021-06-14,26.600048065185547,-0.048221486625738
1119,2021-06-15,26.800765991210938,0.007545773057759719
1120,2021-06-16,26.294189453125,-0.018901569389922046
1121,2021-06-17,25.86407852172852,-0.01635764175820076
1122,2021-06-18,26.437559127807617,0.022172860540819794
1123,2021-06-21,26.79120826721192,0.013376769681900269
1124,2021-06-22,26.772090911865234,-0.0007135682405964294
1125,2021-06-23,26.370655059814453,-0.014994564801543708
1126,2021-06-24,26.580930709838867,0.007973850082505063
1127,2021-06-25,25.91186714172364,-0.02517081043620395
1128,2021-06-28,26.284631729125977,0.014385863641686703
1129,2021-06-29,25.82584381103516,-0.01745460704257973
1130,2021-06-30,26.466232299804688,0.024796420727050794
1131,2021-07-01,27.13529586791992,0.025279894793342805
1132,2021-07-02,27.163970947265625,0.0010567446725211482
1133,2021-07-06,26.22728157043457,-0.03448278525439019
1134,2021-07-07,26.485349655151367,0.009839681021601265
1135,2021-07-08,26.332420349121094,-0.005774109385810133
1136,2021-07-09,26.81987762451172,0.01851167757949357
1137,2021-07-12,26.6478328704834,-0.006414822484912541
1138,2021-07-13,26.3897705078125,-0.009684178219112938
1139,2021-07-14,26.01700592041016,-0.014125344034044751
1140,2021-07-15,26.313304901123047,0.01138866561430274
1141,2021-07-16,25.91186714172364,-0.015256075240562939
1142,2021-07-19,25.0516414642334,-0.033198135540958185
1143,2021-07-20,25.08987617492676,0.0015262357457874742
1144,2021-07-21,25.04208374023437,-0.0019048493647071396
1145,2021-07-22,25.31926918029785,0.011068784967687595
1146,2021-07-23,25.59645271301269,0.010947532914201474
1147,2021-07-26,25.328828811645508,-0.01045550742393031
1148,2021-07-27,24.994293212890625,-0.013207701044632314
1149,2021-07-28,25.309709548950195,0.012619534122169096
1150,2021-07-29,25.61556625366211,0.012084560042870951
1151,2021-07-30,25.539100646972656,-0.0029851226372370476
1152,2021-08-02,25.46263694763184,-0.002993985590870052
1153,2021-08-03,25.328828811645508,-0.005255077714909517
1154,2021-08-04,24.917829513549805,-0.016226541746246714
1155,2021-08-05,25.233243942260746,0.012658182308351806
1156,2021-08-06,24.86048126220703,-0.01477268166180612
1157,2021-08-09,25.424406051635746,0.022683582971742222
1158,2021-08-10,25.31926918029785,-0.004135273450414756
1159,2021-08-11,25.75893783569336,0.01736498207213799
1160,2021-08-12,25.797168731689453,0.0014841798307039245
1161,2021-08-13,27.727895736694336,0.07484259319640607
1162,2021-08-16,28.59767723083496,0.03136846381709302
1163,2021-08-17,28.29181861877441,-0.010695225685349197
1164,2021-08-18,28.48298072814941,0.006756798209081705
